# BEGIN HISTOGRAM /REF/CDF_2012_NOTE10874/d01-x01-y01
AidaPath=/REF/CDF_2012_NOTE10874/d01-x01-y01
0.50    1.00    0.0653  0.0146
1.00    1.50    0.1671  0.0138
1.50    2.00    0.2310  0.0128
2.00    2.50    0.2672  0.0130
2.50    3.00    0.2843  0.0120
3.00    3.50    0.2920  0.0117
3.50    4.00    0.3030  0.0116
4.00    4.50    0.2981  0.0141
4.50    5.00    0.3087  0.0137
5.00    6.00    0.2986  0.0114
6.00    7.00    0.2943  0.0155
7.00    8.00    0.3091  0.0283
8.00    10.00   0.3004  0.0334
10.00   15.00   0.2567  0.0648
# END HISTOGRAM

# BEGIN HISTOGRAM /REF/CDF_2012_NOTE10874/d01-x01-y02
AidaPath=/REF/CDF_2012_NOTE10874/d01-x01-y02
0.50	1.00	0.0834	0.0103
1.00	1.50	0.2240	0.0093
1.50	2.00	0.3321	0.0114
2.00	2.50	0.3999	0.0124
2.50	3.00	0.4375	0.0142
3.00	3.50	0.4598	0.0120
3.50	4.00	0.4670	0.0111
4.00	4.50	0.4712	0.0154
4.50	5.00	0.4712	0.0177
5.00	6.00	0.4710	0.0173
6.00	7.00	0.4796	0.0169
7.00	8.00	0.4680	0.0203
8.00	10.00	0.4891	0.0195
10.00	15.00	0.4722	0.0239
15.00	20.00	0.4712	0.0422
20.00	25.00	0.5052	0.0738
# END HISTOGRAM

# BEGIN HISTOGRAM /REF/CDF_2012_NOTE10874/d01-x01-y03
AidaPath=/REF/CDF_2012_NOTE10874/d01-x01-y03
0.50	1.00	0.0875	0.0143
1.00	1.50	0.2447	0.0139
1.50	2.00	0.3789	0.0145
2.00	2.50	0.4725	0.0162
2.50	3.00	0.5293	0.0173
3.00	3.50	0.5574	0.0159
3.50	4.00	0.5703	0.0196
4.00	4.50	0.5812	0.0201
4.50	5.00	0.5882	0.0204
5.00	6.00	0.5949	0.0197
6.00	7.00	0.5999	0.0206
7.00	8.00	0.6073	0.0222
8.00	10.00	0.6093	0.0242
10.00	15.00	0.6215	0.0278
15.00	20.00	0.6824	0.0447
20.00	25.00	0.6043	0.0551
25.00	30.00	0.7120	0.0872
30.00	35.00	0.7466	0.0836
# END HISTOGRAM

# BEGIN HISTOGRAM /REF/CDF_2012_NOTE10874/d02-x01-y01
AidaPath=/REF/CDF_2012_NOTE10874/d02-x01-y01
0.50	1.00	0.0408	0.0092
1.00	1.50	0.1229	0.0101
1.50	2.00	0.1876	0.0099
2.00	2.50	0.2295	0.0105
2.50	3.00	0.2507	0.0096
3.00	3.50	0.2653	0.0082
3.50	4.00	0.2802	0.0100
4.00	4.50	0.2764	0.0107
4.50	5.00	0.2886	0.0114
5.00	6.00	0.2811	0.0100
6.00	7.00	0.2832	0.0168
7.00	8.00	0.3041	0.0340
8.00	10.00	0.2801	0.0346
10.00	15.00	0.2272	0.0605
# END HISTOGRAM

# BEGIN HISTOGRAM /REF/CDF_2012_NOTE10874/d02-x01-y02
idaPath=/REF/CDF_2012_NOTE10874/d02-x01-y03
0.50	1.00	0.0525	0.0065
1.00	1.50	0.1672	0.0069
1.50	2.00	0.2758	0.0090
2.00	2.50	0.3551	0.0104
2.50	3.00	0.4018	0.0123
3.00	3.50	0.4354	0.0105
3.50	4.00	0.4514	0.0099
4.00	4.50	0.4613	0.0122
4.50	5.00	0.4671	0.0143
5.00	6.00	0.4754	0.0136
6.00	7.00	0.4938	0.0139
7.00	8.00	0.4824	0.0167
8.00	10.00	0.5167	0.0171
10.00	15.00	0.5140	0.0216
15.00	20.00	0.5009	0.0474
20.00	25.00	0.5034	0.0792
# END HISTOGRAM

# BEGIN HISTOGRAM /REF/CDF_2012_NOTE10874/d02-x01-y03
AidaPath=/REF/CDF_2012_NOTE10874/d02-x01-y03
0.50	1.00	0.0553	0.0092
1.00	1.50	0.1840	0.0104
1.50	2.00	0.3192	0.0119
2.00	2.50	0.4269	0.0139
2.50	3.00	0.5003	0.0154
3.00	3.50	0.5400	0.0145
3.50	4.00	0.5702	0.0154
4.00	4.50	0.5896	0.0158
4.50	5.00	0.6042	0.0160
5.00	6.00	0.6194	0.0156
6.00	7.00	0.6317	0.0167
7.00	8.00	0.6467	0.0183
8.00	10.00	0.6690	0.0202
10.00	15.00	0.6951	0.0232
15.00	20.00	0.7700	0.0397
20.00	25.00	0.6682	0.0593
25.00	30.00	0.7726	0.0938
30.00	35.00	0.7601	0.0974
# END HISTOGRAM

# BEGIN HISTOGRAM /REF/CDF_2012_NOTE10874/d03-x01-y01
AidaPath=/REF/CDF_2012_NOTE10874/d03-x01-y01
0.50	1.00	0.6210	0.0125
1.00	1.50	0.7311	0.0148
1.50	2.00	0.8056	0.0165
2.00	2.50	0.8494	0.0174
2.50	3.00	0.8671	0.0184
3.00	3.50	0.8810	0.0193
3.50	4.00	0.8941	0.0202
4.00	4.50	0.8916	0.0207
4.50	5.00	0.9020	0.0229
5.00	6.00	0.9228	0.0230
6.00	7.00	0.9146	0.0290
7.00	8.00	0.9338	0.0546
8.00	10.00	0.9052	0.0444
10.00	15.00	0.8228	0.0626
# END HISTOGRAM

# BEGIN HISTOGRAM /REF/CDF_2012_NOTE10874/d03-x01-y02
AidaPath=/REF/CDF_2012_NOTE10874/d03-x01-y02
0.50	1.00	0.6254	0.0125
1.00	1.50	0.7407	0.0148
1.50	2.00	0.8207	0.0165
2.00	2.50	0.8719	0.0175
2.50	3.00	0.9019	0.0184
3.00	3.50	0.9219	0.0204
3.50	4.00	0.9357	0.0209
4.00	4.50	0.9442	0.0213
4.50	5.00	0.9529	0.0215
5.00	6.00	0.9665	0.0225
6.00	7.00	0.9754	0.0221
7.00	8.00	0.9816	0.0251
8.00	10.00	1.0020	0.0241
10.00	15.00	1.0262	0.0311
15.00	20.00	0.9864	0.0494
20.00	25.00	0.9360	0.0506
# END HISTOGRAM

# BEGIN HISTOGRAM /REF/CDF_2012_NOTE10874/d03-x01-y03
AidaPath=/REF/CDF_2012_NOTE10874/d03-x01-y03
0.50	1.00	0.6271	0.0126
1.00	1.50	0.7450	0.0150
1.50	2.00	0.8314	0.0167
2.00	2.50	0.8865	0.0178
2.50	3.00	0.9240	0.0186
3.00	3.50	0.9426	0.0190
3.50	4.00	0.9606	0.0196
4.00	4.50	0.9709	0.0198
4.50	5.00	0.9823	0.0202
5.00	6.00	0.9933	0.0204
6.00	7.00	1.0024	0.0211
7.00	8.00	1.0044	0.0210
8.00	10.00	1.0340	0.0228
10.00	15.00	1.0427	0.0244
15.00	20.00	1.0542	0.0382
20.00	25.00	1.0043	0.0393
25.00	30.00	1.0281	0.0471
30.00	35.00	0.9905	0.0516
# END HISTOGRAM

# BEGIN HISTOGRAM /REF/CDF_2012_NOTE10874/d01-x01-y04
AidaPath=/REF/CDF_2012_NOTE10874/d01-x01-y04
0.50	1.00	1.3413	0.0720
1.00	1.50	1.4642	0.0471
1.50	2.00	1.6404	0.0451
2.00	2.50	1.7684	0.0461
2.50	3.00	1.8621	0.0446
3.00	3.50	1.9090	0.0544
3.50	4.00	1.8821	0.0511
4.00	4.50	1.9494	0.0651
4.50	5.00	1.9056	0.0726
5.00	6.00	1.9920	0.0672
6.00	7.00	2.0383	0.1061
7.00	8.00	1.9649	0.1777
8.00	10.00	2.0286	0.2042
10.00	15.00	2.4213	0.7309
# END HISTOGRAM

# BEGIN HISTOGRAM /REF/CDF_2012_NOTE10874/d01-x01-y05
AidaPath=/REF/CDF_2012_NOTE10874/d01-x01-y05
0.50	1.00	1.2774	0.1091
1.00	1.50	1.3403	0.0635
1.50	2.00	1.4376	0.0466
2.00	2.50	1.4967	0.0445
2.50	3.00	1.5390	0.0371
3.00	3.50	1.5748	0.0465
3.50	4.00	1.5414	0.0448
4.00	4.50	1.5804	0.0479
4.50	5.00	1.5264	0.0551
5.00	6.00	1.5773	0.0551
6.00	7.00	1.6296	0.0855
7.00	8.00	1.5143	0.1388
8.00	10.00	1.6284	0.1634
10.00	15.00	1.8396	0.5567
# END HISTOGRAM

# BEGIN HISTOGRAM /REF/CDF_2012_NOTE10874/d01-x01-y06
AidaPath=/REF/CDF_2012_NOTE10874/d01-x01-y06
0.50	1.00	1.0500	0.0439
1.00	1.50	1.0924	0.0300
1.50	2.00	1.1410	0.0244
2.00	2.50	1.1815	0.0246
2.50	3.00	1.2100	0.0243
3.00	3.50	1.2122	0.0248
3.50	4.00	1.2210	0.0317
4.00	4.50	1.2335	0.0273
4.50	5.00	1.2484	0.0270
5.00	6.00	1.2629	0.0269
6.00	7.00	1.2508	0.0278
7.00	8.00	1.2975	0.0339
8.00	10.00	1.2458	0.0335
10.00	15.00	1.3162	0.0450
15.00	20.00	1.4480	0.1166
20.00	25.00	1.1962	0.1812
# END HISTOGRAM

# BEGIN HISTOGRAM /REF/CDF_2012_NOTE10874/d02-x01-y04
AidaPath=/REF/CDF_2012_NOTE10874/d02-x01-y04
0.50	1.00	1.3570	0.0736
1.00	1.50	1.4970	0.0481
1.50	2.00	1.7017	0.0454
2.00	2.50	1.8599	0.0472
2.50	3.00	1.9958	0.0467
3.00	3.50	2.0354	0.0528
3.50	4.00	2.0351	0.0631
4.00	4.50	2.1328	0.0678
4.50	5.00	2.0938	0.0814
5.00	6.00	2.2031	0.0802
6.00	7.00	2.2305	0.1365
7.00	8.00	2.1267	0.2450
8.00	10.00	2.3885	0.2779
10.00	15.00	3.0597	0.9160
# END HISTOGRAM

# BEGIN HISTOGRAM /REF/CDF_2012_NOTE10874/d02-x01-y05
AidaPath=/REF/CDF_2012_NOTE10874/d02-x01-y05
0.50	1.00	1.2879	0.1112
1.00	1.50	1.3609	0.0647
1.50	2.00	1.4702	0.0468
2.00	2.50	1.5469	0.0452
2.50	3.00	1.6028	0.0379
3.00	3.50	1.6413	0.0416
3.50	4.00	1.6111	0.0496
4.00	4.50	1.6685	0.0509
4.50	5.00	1.6186	0.0621
5.00	6.00	1.6911	0.0644
6.00	7.00	1.7437	0.1079
7.00	8.00	1.5864	0.1863
8.00	10.00	1.8450	0.2143
10.00	15.00	2.2624	0.6789
# END HISTOGRAM

# BEGIN HISTOGRAM /REF/CDF_2012_NOTE10874/d02-x01-y06
AidaPath=/REF/CDF_2012_NOTE10874/d02-x01-y06
0.50	1.00	1.0536	0.0444
1.00	1.50	1.1000	0.0304
1.50	2.00	1.1575	0.0248
2.00	2.50	1.2024	0.0251
2.50	3.00	1.2451	0.0250
3.00	3.50	1.2401	0.0256
3.50	4.00	1.2632	0.0287
4.00	4.50	1.2783	0.0267
4.50	5.00	1.2936	0.0286
5.00	6.00	1.3028	0.0283
6.00	7.00	1.2792	0.0296
7.00	8.00	1.3406	0.0374
8.00	10.00	1.2946	0.0381
10.00	15.00	1.3524	0.0532
15.00	20.00	1.5374	0.1555
20.00	25.00	1.3273	0.2298
# END HISTOGRAM

# BEGIN HISTOGRAM /REF/CDF_2012_NOTE10874/d03-x01-y04
AidaPath=/REF/CDF_2012_NOTE10874/d03-x01-y04
0.50	1.00	1.0097	0.0202
1.00	1.50	1.0189	0.0204
1.50	2.00	1.0321	0.0208
2.00	2.50	1.0437	0.0210
2.50	3.00	1.0656	0.0219
3.00	3.50	1.0699	0.0227
3.50	4.00	1.0744	0.0229
4.00	4.50	1.0890	0.0240
4.50	5.00	1.0890	0.0260
5.00	6.00	1.0764	0.0257
6.00	7.00	1.0960	0.0333
7.00	8.00	1.0756	0.0611
8.00	10.00	1.1423	0.0562
10.00	15.00	1.2673	0.0998
# END HISTOGRAM

# BEGIN HISTOGRAM /REF/CDF_2012_NOTE10874/d03-x01-y05
AidaPath=/REF/CDF_2012_NOTE10874/d03-x01-y05
0.50	1.00	1.0070	0.0202
1.00	1.50	1.0131	0.0203
1.50	2.00	1.0187	0.0205
2.00	2.50	1.0264	0.0207
2.50	3.00	1.0401	0.0211
3.00	3.50	1.0464	0.0212
3.50	4.00	1.0465	0.0215
4.00	4.50	1.0590	0.0226
4.50	5.00	1.0564	0.0243
5.00	6.00	1.0474	0.0249
6.00	7.00	1.0665	0.0322
7.00	8.00	1.0512	0.0538
8.00	10.00	1.1069	0.0552
10.00	15.00	1.2472	0.1032
# END HISTOGRAM

# BEGIN HISTOGRAM /REF/CDF_2012_NOTE10874/d03-x01-y06
AidaPath=/REF/CDF_2012_NOTE10874/d03-x01-y06
0.50	1.00	1.0027	0.0201
1.00	1.50	1.0058	0.0201
1.50	2.00	1.0131	0.0203
2.00	2.50	1.0168	0.0204
2.50	3.00	1.0245	0.0205
3.00	3.50	1.0225	0.0219
3.50	4.00	1.0267	0.0216
4.00	4.50	1.0283	0.0218
4.50	5.00	1.0309	0.0217
5.00	6.00	1.0277	0.0221
6.00	7.00	1.0277	0.0216
7.00	8.00	1.0232	0.0245
8.00	10.00	1.0320	0.0231
10.00	15.00	1.0161	0.0272
15.00	20.00	1.0687	0.0489
20.00	25.00	1.0730	0.0662
# END HISTOGRAM

#Key
#################################################################
#d = 1     Charged Particle Density
#d = 2     Charged PTsum density
#d = 3     Charged Particle AvePT

#y = 1     300 GeV
#y = 2     900 GeV
#y = 3    1960 GeV

#y = 4    1960 / 300
#y = 5     900 / 300
#y = 6    1960 / 900
##############################################################
